The Bayesian Optimization is in progress and is currently at iteration 40. 

40 new experimental data has been obtained giving us currently a dataset of 40 experiments:
 Iteration     x_0     x_1     x_2     x_3     x_4     x_5     x_6     x_7     x_8     x_9    x_10    x_11    x_12    x_13    x_14  target
         1 -25.000 -20.000 -15.000 -10.000  -5.000   0.000  -3.000  -7.000 -10.000 -12.000  -8.000 -15.000 -11.000 -17.000 -13.000   3.423
         2  15.000  18.000  19.000  20.000  16.000  17.000  19.000  15.000  18.000  20.000  17.000  14.000  19.000  20.000  13.000   2.553
         3 -10.000   0.000  10.000  -5.000   5.000   0.000  -3.000   1.000   4.000  -2.000   3.000   0.000   5.000  -1.000   2.000   9.897
         4  20.000 -30.000  20.000 -30.000  20.000 -30.000  20.000 -30.000  20.000 -30.000  20.000 -30.000  20.000 -30.000  20.000   2.076
         5  -5.000  -3.000   0.000   5.000  10.000   8.000  -2.000  -1.000   3.000   4.000   1.000   6.000   7.000  -1.000   2.000   9.620
         6 -15.983   8.446 -22.988  14.255 -19.530 -26.336 -13.801  14.155 -16.447 -29.992 -27.993   4.911 -14.941  14.307   9.057   1.034
         7  -8.963  -1.421  10.291  -3.938  11.449   5.321  -9.032  -2.937   5.105   3.549   3.273   6.454   9.435  -2.966   2.268   5.600
         8 -23.927 -19.607 -22.136   0.539   7.329   2.000 -15.534  -2.112   1.146   1.780 -16.867  13.346 -17.884 -28.261 -19.301   1.185
         9  -7.324  -1.219   3.772   0.715   5.394   2.704   0.151   1.420   2.937  -0.617   1.685   0.998   4.418  -0.138   1.924  10.964
        10  -5.827   0.720   5.170   0.752   1.671   0.174   6.441   4.134   2.794  -3.635   3.453  -4.143   3.544   3.109   3.321   9.694
        11   8.329   3.406 -16.215  12.545 -20.692 -16.977 -22.444  -3.299  16.816 -18.544 -24.181 -13.876   1.562  -4.924   9.729   1.138
        12 -22.185  12.621 -26.674   3.533   1.862 -10.362  14.474 -27.462  -8.910   2.593  13.320  -9.523  -8.715   6.626  -0.148   1.148
        13  -8.932  -4.141   3.804   1.698   4.521   3.762   1.409   8.780   0.941  -2.180  -1.632   3.629   0.894  -0.957  -0.640   9.120
        14   0.027   3.897  12.327  12.545 -27.924   4.671  12.449 -16.932  -7.014 -24.215  -7.195  -7.613 -14.047 -18.183 -15.473   1.500
        15  -6.934  -3.277  -2.920  -0.594   6.816  -0.245  -0.380   0.963   5.782   0.605   1.806  -3.913   5.722   0.580   4.433   9.527
        16   1.919  14.944 -22.296   2.631 -17.983 -25.609 -27.846   1.067 -13.035  -7.922  10.941 -12.086 -29.459   4.453  -8.855   1.391
        17  -9.599   1.515   3.874   3.753   3.413   4.113   3.943  -4.737   1.304  -2.873  -0.977   2.115   6.521   0.840   3.291   9.006
        18  -1.189   0.216   4.179   1.868   4.822   3.090  -0.377   1.800   2.172   1.655   7.785  -0.162   1.235  -0.436  -0.521  11.459
        19  -3.432  -0.589   4.372   1.161   3.011   8.973  -2.511   3.798  -0.664   2.899   6.765  -4.725   4.808   3.415  -0.671   8.906
        20 -10.795   4.836   6.516 -24.948   7.623   1.701 -11.678 -23.630   7.277  -1.558 -22.961 -22.630 -22.342   6.460  15.494   0.926
        21  -1.542  -0.291   4.311   2.619   6.865  -2.399   3.001   2.181   5.329  -0.359   8.139   4.403   2.381  -3.106   0.917   9.357
        22 -29.625   2.505  -7.681 -18.268  18.070   4.003 -19.161 -17.812  16.888  -2.140 -13.936   5.463  -4.327 -25.911 -29.136   1.108
        23  -1.380   1.017   4.496   0.163   5.461   3.133  -0.998  -0.521   2.789   1.690   2.462  -0.556  -4.201   0.280   1.712  11.945
        24   0.069  -2.823   3.775  -1.003   6.144   3.261  -1.082  -2.416   3.173  -2.469   4.440   0.895  -3.164   4.447  -2.442  10.901
        25  -0.943   1.576   5.302   2.687  10.595   2.322  -1.157   0.110  -1.648  -0.626   3.243  -4.004  -2.821  -3.014   0.960   9.878
        26  -0.734 -16.830  13.274  10.291 -20.350   5.056 -14.248   7.667 -22.469 -24.371 -20.871  16.795   0.704  12.463  11.526   1.037
        27  -8.609 -12.191 -16.110  12.180   7.078 -28.536  -5.914 -22.810 -24.420 -23.052 -23.912   5.057 -11.330 -12.971  -6.636   1.229
        28  -3.852   1.745   3.154  -1.351   1.316   4.993   0.910   0.007   6.991   4.595   4.677   0.953  -3.788  -0.380  -0.277  10.762
        29   0.386  -0.096   4.571   0.923   2.041   0.682  -3.024   0.825   1.235   3.444   3.154   2.413  -1.738   3.062   4.906  12.288
        30   5.175  -1.156  13.637 -26.331 -19.043   4.648 -16.617 -19.594  -8.731 -18.487 -18.602  -7.776   9.882   0.799 -22.749   1.087
        31  -5.131 -27.370   1.742  10.595   7.560   1.212  -7.088 -27.718 -23.428  -3.225  12.931  -8.165  12.408 -13.141   9.310   1.370
        32  -5.774   2.304  16.266  -4.075  -7.127 -16.346  11.241 -11.822  14.817  19.842 -26.786 -25.158 -24.949  13.326 -18.432   1.173
        33 -23.635  11.656 -11.789 -20.204  16.129  13.773  19.307 -15.207  -2.813   1.170 -12.879  18.601  -3.868 -10.124  -3.614   1.542
        34  -1.212   2.494   3.880   3.408   3.701   3.487  -5.072   2.061   5.035  -0.608   4.790   2.038  -3.246   3.490   5.981   9.912
        35   0.941  -1.794   5.192  -1.538   3.028   0.317   0.570  -0.308  -0.194   5.970   1.535   1.251  -0.752   1.433   1.877  12.524
        36  20.000  20.000  20.000 -30.000 -30.000 -30.000  20.000  20.000 -30.000  20.000  20.000  20.000  20.000  20.000 -30.000   2.117
        37  20.000 -30.000  20.000 -30.000 -30.000  20.000  20.000  20.000 -30.000  20.000  20.000  20.000 -30.000 -30.000  20.000   2.095
        38  20.000 -30.000  20.000 -30.000 -16.267 -30.000 -30.000  20.000  20.000  20.000  20.000  20.000 -30.000  20.000  20.000   1.930
        39  20.000 -30.000 -30.000 -30.000 -30.000 -30.000  20.000  20.000  20.000  20.000  20.000 -30.000  20.000 -30.000 -30.000   2.060
        40  -3.432  -3.189   5.598   1.015   2.594  -0.802  -0.880  -1.326  -0.614   5.753   4.294   0.819  -3.223   2.209   2.537  11.010

**Task:**
- Reflect on your previous hypotheses and on the entire data.
- What do we know from the data?
- Continue live commenting on the optimization progress.
- What are the subspaces that maximize target the most?
- What are the subspaces that are detrimental and minimize target?
- Improve your previous hypotheses for maximizing target in the light of the new comment and learnings. Feel free to also discard some hypotheses that have proven to be performing consistently poorly in previous iterations, and/or propose new ones. Additionally for each hypothesis, give a single point you want the Bayesian Optimizer to try.

Important: Only provide your response in the exact JSON response format described at the beginning of our chat, without any additional syntax or libraries.
\n```json