The Bayesian Optimization is in progress and is currently at iteration 36. 

36 new experimental data has been obtained giving us currently a dataset of 36 experiments:
 Iteration     x_0     x_1     x_2     x_3     x_4     x_5     x_6     x_7     x_8     x_9    x_10    x_11    x_12    x_13    x_14  target
         1  -5.000   5.000   5.000   5.000   5.000   5.000   5.000   5.000   5.000   5.000   5.000   5.000   5.000   5.000   5.000   9.303
         2 -30.000 -30.000 -30.000 -30.000 -30.000 -30.000 -30.000 -30.000 -30.000 -30.000 -30.000 -30.000 -30.000 -30.000 -30.000   1.995
         3  20.000  20.000  20.000  20.000  20.000  20.000  20.000  20.000  20.000  20.000  20.000  20.000  20.000  20.000  20.000   2.312
         4 -15.000  15.000 -10.000  10.000 -20.000  10.000  -5.000   5.000   0.000  20.000 -30.000  10.000  20.000 -10.000 -30.000   2.709
         5 -25.000  10.000   5.000 -20.000  15.000   0.000 -10.000  20.000  -5.000   5.000 -15.000   0.000  15.000 -30.000  20.000   2.819
         6 -28.849  19.842   8.205 -24.937 -14.748 -10.959 -25.225  18.510  19.826   5.206   4.802  -3.537   7.452   1.280 -16.935   1.146
         7  18.030  -6.662 -23.683 -11.971  -8.153  12.220  18.915  -1.542   0.224  -8.924  14.184 -28.546  15.344  12.929  10.813   1.488
         8   7.656 -23.186  -5.482  -3.615  17.665 -12.860   2.577  -3.726   6.521  18.394   1.819 -18.842  -6.160 -24.413   7.469   1.410
         9  11.326  17.107  -3.405 -16.190   4.822  17.913 -24.406   7.569   8.004  14.272 -29.174 -20.637 -22.428  15.752 -18.217   0.860
        10 -26.407 -23.269 -21.008 -25.454  11.803  -4.620  -8.075   9.742   9.649  -8.099   7.440 -27.300   8.360  19.529 -18.723   0.679
        11 -25.508 -18.616   4.757  -9.800 -26.441 -12.001  17.237  17.005   4.660 -13.596  13.028  -3.553 -19.638  18.160 -21.315   0.829
        12  15.251  -7.098  13.280   5.260 -15.142 -28.086  -9.650  10.776   5.692 -10.962  -4.057 -26.543 -15.449   2.260   0.648   1.549
        13  -8.017 -25.091  -1.757 -19.987  -0.211   6.862  -5.129  13.242 -12.470  11.382   0.757  11.124 -27.093   5.906  12.270   2.014
        14  -5.725 -24.755 -12.591   4.241  -6.420 -27.142  -1.489 -17.309   6.621 -16.633   3.387 -18.629  15.877  -5.474  -3.923   1.209
        15  14.501  -9.470 -23.961  -2.117 -12.172   5.060  -0.352   7.676  -4.686 -18.002 -14.864   6.601   6.778  -5.994  16.863   2.287
        16  -1.943 -26.602  -3.915 -16.835 -28.133  12.210 -16.662   0.470  11.540  -0.821 -10.157 -10.513 -28.331  10.370  -5.613   1.038
        17  -8.163  10.542  12.591  -5.262 -11.979   4.048  -0.155  14.750  13.293   4.032  10.667  -3.489   8.834   9.102  10.996   3.437
        18   3.265  -0.209  18.108  16.841  -6.367  12.627   2.181 -27.755 -17.809 -19.024 -25.267 -10.471   8.330  -9.006  12.583   1.274
        19   0.989  10.029   4.691   2.789   0.075   4.067  -3.335   8.385  13.478  17.685  10.705   9.532  -0.927  -0.453  -8.586   4.047
        20  11.274  -5.903 -23.678 -20.624 -10.022  10.106  15.093  -6.008   6.606 -25.922  -5.335 -22.303  -8.778  -5.699   1.082   1.658
        21  -4.751   2.098 -26.846 -23.889   8.969 -14.445 -26.540  12.870 -24.447 -29.944 -16.289 -15.282 -23.286  -7.298 -18.950   0.807
        22  -0.190   6.956   5.594   3.112   0.248  -1.495  -1.984   5.342  -0.447   9.087  -8.497  -8.263   5.095  -8.652  12.117   5.939
        23  -9.336  -1.562 -10.586  10.156   1.804  11.886   5.877  -1.627   9.146  13.241   1.989  18.710  15.533   8.110   5.636   3.043
        24  -3.159  18.081   8.215   0.001   1.960   4.481   9.360  -1.201   9.642   4.687   0.979  10.748   2.646  13.421  -3.693   4.328
        25  -0.510  16.824  12.433  -1.086   3.494  -8.627  -1.664   2.116  -5.161  13.564  13.422  -2.788   8.941   8.997   4.891   3.763
        26  -2.747   6.524  -5.193   0.100  -6.305   7.964  -3.652   0.341  17.675  15.231   3.973  -1.452  -7.519  -1.281 -10.979   4.298
        27 -18.928  -2.641  14.170  -5.195  13.656   2.191   2.705  -1.057  -3.689   0.373   8.110  -4.771   0.772  12.579  15.246   3.411
        28 -18.644 -20.458   3.649  18.532  -5.063  -6.568 -19.427   9.852  -7.147  -4.174  -6.846  12.747   4.007  -7.324   1.243   2.117
        29  -8.505   7.453  -9.574  -2.848   9.057 -15.663  18.094   9.560  11.793   8.524  -4.453 -13.902 -11.430 -28.468  17.958   1.400
        30  19.840  14.917   0.677  -6.618  13.273  14.880  10.696 -20.678 -11.699  -0.881  -2.356 -15.650  -8.553 -10.217 -25.386   1.384
        31  -3.316   0.507  13.006  -2.873  13.537  13.981   8.453  12.977   9.892  15.574   0.237   9.908   4.244  -3.300   3.142   3.475
        32   5.505  13.128   2.492  17.230   7.955  -5.496  17.642  -3.040   6.748   9.586  -0.614   1.400   1.275   4.939  13.717   3.227
        33  -5.980  -1.144  10.030  -2.107   8.496   7.853  15.420  14.884  12.291  16.983  -2.754  16.913   6.437  -8.950  -4.432   3.017
        34  -1.714  18.246   3.782  15.115  13.959   0.827  -0.086   4.474   8.747   5.070   4.360   7.902  15.911   5.333   8.324   3.495
        35  -6.861   4.834  -2.706   4.220  -2.418  14.589   7.856   3.059   9.441  14.236   6.296   0.482  -1.886  10.604  -5.760   4.524
        36  -4.359   8.856  -6.494  -7.000  -3.917   9.757   7.571   2.898   2.972  -3.310   3.461  10.766  11.758  -9.796  12.219   4.564

**Task:**
- Reflect on your previous hypotheses and on the entire data.
- What do we know from the data?
- Continue live commenting on the optimization progress.
- What are the subspaces that maximize target the most?
- What are the subspaces that are detrimental and minimize target?
- Improve your previous hypotheses for maximizing target in the light of the new comment and learnings. Feel free to also discard some hypotheses that have proven to be performing consistently poorly in previous iterations, and/or propose new ones. Additionally for each hypothesis, give a single point you want the Bayesian Optimizer to try.

Important: Only provide your response in the exact JSON response format described at the beginning of our chat, without any additional syntax or libraries.
\n```json