The Bayesian Optimization is in progress and is currently at iteration 36. 

36 new experimental data has been obtained giving us currently a dataset of 36 experiments:
 Iteration     x_0     x_1     x_2     x_3     x_4     x_5     x_6     x_7     x_8     x_9    x_10    x_11    x_12    x_13    x_14  target
         1  -5.000   0.000   5.000  10.000 -10.000  15.000  -5.000   0.000  15.000  -2.000   7.000  -1.000   3.000  -9.000  12.000   5.811
         2  20.000  20.000  20.000  20.000  20.000  20.000  20.000  20.000  20.000  20.000  20.000  20.000  20.000  20.000  20.000   2.312
         3 -20.000 -15.000 -10.000  -5.000 -15.000 -20.000 -10.000  -5.000 -15.000  -8.000 -12.000  -6.000 -18.000 -11.000  -4.000   3.514
         4  10.000 -10.000  15.000  -5.000 -20.000   5.000   0.000 -15.000  10.000  -3.000  10.000  -8.000 -11.000   5.000   0.000   4.618
         5  15.000  10.000  18.000  20.000  10.000   5.000   2.000   0.000  20.000  17.000  13.000   1.000  19.000  10.000   6.000   3.432
         6  -5.202  -3.404   5.781   6.435 -17.378  19.098  -6.610  -4.245  16.968  -6.446   8.204  -3.968  -1.111 -11.467  12.022   2.891
         7 -23.231  -5.950 -11.863  14.620   5.444 -27.328  18.367 -28.611 -23.141   0.147 -26.552  13.342   4.997   5.948   2.135   0.925
         8   5.865  17.217  19.445 -16.449  -1.039 -13.591  16.540   7.872   4.087  -6.317 -11.609  -7.320  -9.791   4.655 -21.005   1.825
         9   6.653  -5.934  12.265  18.821  -3.563 -28.906   2.453  -2.615   4.046  -5.650 -29.743   1.148   9.331   5.242 -16.885   1.550
        10   5.130  -6.123  -6.919 -25.921 -16.619 -17.548 -19.740   9.482 -16.330 -17.824 -18.852  18.806  12.900 -26.532   6.203   1.076
        11  -8.891 -15.767  -9.939 -17.108 -19.270 -19.946 -11.157  -5.877 -16.817   3.468  -2.659 -14.146 -20.325 -17.315 -16.911   1.651
        12   3.147   8.453   5.135   1.080 -12.931   3.992 -23.601   1.410  16.848  -2.203  18.379  -7.210  -0.885  -7.060  10.880   2.934
        13   9.470  10.023  14.255   5.830 -20.785  12.379  -3.657   9.597  14.727  -6.642   2.365  -0.269  -3.585  -4.867   7.153   2.826
        14 -11.363   0.011  10.305 -26.615 -18.822  -9.692 -26.464  15.422  -2.548   0.405   7.462  -3.057  11.925  -6.162  14.033   1.420
        15 -27.570 -12.983 -10.548 -20.901 -21.342   1.084   0.253  15.403  16.256  15.162  12.074 -17.763  17.281   4.794   4.153   1.292
        16  -5.331 -13.353 -13.732  -2.982 -11.005 -19.656  -4.144 -13.846  -8.443 -17.262 -18.570  -0.091 -12.240 -15.577  -4.144   1.969
        17  17.931  -1.660   9.615 -26.662  17.856 -18.174 -25.968 -12.844 -13.641  18.228  15.951  -8.659  12.459 -17.077  -3.052   1.197
        18 -23.746 -10.981 -12.198 -27.745 -23.379  15.797 -26.407 -13.471  -9.821  -2.169   7.510  -1.475 -18.314   7.188   6.327   0.879
        19 -16.506 -20.730 -22.174  11.841 -12.978 -17.415  -9.316 -12.724 -26.813 -26.090  -2.582  14.700   2.588 -11.815   0.125   1.032
        20   1.057 -18.262  16.009 -15.346 -25.482   9.098 -10.291 -12.918  10.344   1.624  12.351 -15.485  -6.815  -5.540   4.527   1.631
        21  14.149 -22.447  -2.482   8.806 -16.048   1.821 -23.339 -17.246   6.279  10.709  16.294 -15.083 -26.999  18.827   9.864   1.240
        22  -3.086  10.579  11.231   4.660 -23.619  19.327   6.149  15.679  15.288 -17.854  18.292   4.864  -1.925  -0.726  14.071   1.730
        23  10.530   3.235  13.720   8.394  -3.816  14.017  -2.130  -3.303   3.589  -0.561   2.530  -0.108   8.350 -14.226   9.698   3.986
        24  16.151 -18.592  16.874 -12.997  -4.254  -9.793 -18.053 -17.416 -19.040  -2.098  -3.836 -25.116  11.484  10.368  19.828   1.464
        25  -9.746   6.507  10.651   0.460 -17.423  13.879  -9.456   0.602  14.676  12.082   9.036   2.256   4.485 -19.711  18.095   1.979
        26   8.769  -4.040  15.612  -1.714 -16.592   4.669   1.780 -18.050  17.141   4.008   5.971 -11.881  -9.929  -1.165  10.803   3.048
        27   1.414  -0.540   1.815   4.475 -17.492  11.580 -15.504 -10.772  19.455   1.475  11.603   0.896  -2.408  -3.078   1.171   2.861
        28  -0.661 -27.039  15.493 -11.510 -19.541 -16.411   4.136 -25.851   5.081 -17.396  13.462   7.936 -17.664  -5.428  -1.228   1.030
        29  -6.888  -6.805   8.774  17.808  -1.324  -0.170   2.311  -4.898   6.434  -5.437   5.452   0.015   9.550  -0.691  14.494   4.271
        30 -16.715  -1.833  -6.206  -4.114  14.272  15.526 -21.763  16.722  14.411  15.623   7.741 -13.489 -22.711 -14.055 -17.464   1.110
        31   2.611   4.940   5.786  16.151 -13.667   6.694  -7.346  12.008  10.203   2.536   0.568  -2.365   5.961  -7.383  -3.922   4.169
        32  18.923   3.576  13.897  17.759  -7.322   9.119  -5.666  11.790   6.419   7.516   6.380  -0.236  18.310  -4.416   1.132   2.499
        33  -1.064  -7.886   6.303  14.255   7.744   8.355   5.055 -10.482   6.900  -2.588  14.413  -6.404   6.800 -16.701  13.929   3.123
        34 -21.621   3.468   1.198  15.733  17.248  -4.329  19.798   3.381   5.333 -13.184 -28.770 -10.815 -16.028 -28.220   0.197   1.081
        35   9.876 -20.150   4.963 -11.581 -16.949  -4.884  -6.952 -22.909 -23.264  -4.678 -27.076   2.826   8.985 -10.752   1.590   1.863
        36  -3.690   4.961   3.797  12.470 -22.252  -1.117  -4.944   6.989  18.046   7.114   9.297  -5.122   6.402  -8.762   8.744   3.306

**Task:**
- Reflect on your previous hypotheses and on the entire data.
- What do we know from the data?
- Continue live commenting on the optimization progress.
- What are the subspaces that maximize target the most?
- What are the subspaces that are detrimental and minimize target?
- Improve your previous hypotheses for maximizing target in the light of the new comment and learnings. Feel free to also discard some hypotheses that have proven to be performing consistently poorly in previous iterations, and/or propose new ones. Additionally for each hypothesis, give a single point you want the Bayesian Optimizer to try.

Important: Only provide your response in the exact JSON response format described at the beginning of our chat, without any additional syntax or libraries.
\n```json