The Bayesian Optimization is in progress and is currently at iteration 36. 

36 new experimental data has been obtained giving us currently a dataset of 36 experiments:
 Iteration     x_0     x_1     x_2     x_3     x_4     x_5     x_6     x_7     x_8     x_9    x_10    x_11    x_12    x_13    x_14  target
         1  -5.000  -5.000  -5.000  -5.000  -5.000  -5.000  -5.000  -5.000  -5.000  -5.000  -5.000  -5.000  -5.000  -5.000  -5.000   9.303
         2  20.000  20.000  20.000  20.000  20.000  20.000  20.000  20.000  20.000  20.000  20.000  20.000  20.000  20.000  20.000   2.312
         3 -30.000 -30.000 -30.000 -30.000 -30.000 -30.000 -30.000 -30.000 -30.000 -30.000 -30.000 -30.000 -30.000 -30.000 -30.000   1.995
         4  10.000  10.000   5.000   3.000  15.000  12.000   7.000   8.000   1.000   2.000  18.000  16.000   4.000  14.000   9.000   4.490
         5 -20.000  15.000   0.000  -5.000  10.000   2.000 -10.000   5.000 -15.000   8.000  -2.000  12.000  -8.000  18.000  -1.000   4.317
         6  13.757  -0.741 -13.834 -17.686  -6.543 -18.294  -6.150  -2.789   0.083   9.512 -15.265  15.257   5.371  -4.347  -2.069   2.508
         7   0.042   8.077  18.250 -19.263   8.981   0.440 -13.255 -11.774  14.543  19.582  -2.180   2.189  -9.678 -10.602 -17.086   1.974
         8 -15.904 -24.486  -4.853 -14.250 -18.946 -13.461  -4.559 -11.976 -10.845 -14.471 -12.121   2.456  15.832 -18.101  15.462   1.374
         9  -3.908 -27.263 -23.962 -25.682  -5.307 -23.544 -23.582  10.240 -11.171 -10.887  -9.232  -6.754 -20.459   9.397  -0.662   0.846
        10 -16.085  -1.067  12.054 -12.554   0.077 -28.718 -28.104 -19.849  12.021 -11.574   0.304   1.535   8.281  -7.622 -24.350   1.218
        11   9.271  -5.057  10.349 -19.896  -4.125  -2.342 -21.808 -12.259   9.113  14.291  16.271 -11.847  17.049 -27.292   2.035   1.726
        12 -27.082 -16.514  -1.918   0.122   7.225 -23.096  16.022  19.234  10.772  -1.641  12.452  10.940 -20.768 -15.721 -25.759   1.225
        13 -14.217  -3.119 -16.464  17.630 -18.236 -10.714 -11.773 -21.523  -7.324 -19.378  -2.281   2.302   1.330 -26.064 -27.602   0.861
        14  14.837 -11.576 -16.497  -1.786 -28.034   8.127 -16.625  13.187 -11.079 -29.021  11.693  -4.030  -9.670 -10.158  -8.744   1.446
        15  16.428 -15.614  17.481   4.170  10.940 -18.966 -25.182 -15.777   5.829   7.068 -28.408 -11.026  -1.703  -2.755  12.961   1.403
        16 -14.740  13.780   3.649  -1.271 -28.071  17.408 -22.873 -12.462   8.229 -23.027 -26.936  -2.878 -13.019   7.593  18.690   1.083
        17  -6.111  15.554  -8.434 -19.442 -16.325 -28.084   2.316  18.333   0.313  -0.351  17.190  18.735  19.672   1.663   4.679   1.047
        18   9.523 -16.922  -2.406  -0.788   0.001  -5.220   0.886  -9.358  -8.836 -11.041  -2.816 -14.605 -12.666  -7.911 -14.057   3.466
        19 -20.415   5.869  12.403  -5.029   2.996  -4.762  -4.911   0.640 -12.441   8.309   0.278   0.446  -5.646  15.677  -8.681   3.258
        20 -12.194   2.436  -4.914   2.878   1.358  -8.359  -9.537  -5.206 -13.902   1.672   2.539   8.813 -11.022   1.090   2.797   4.987
        21 -11.588  -2.029  -9.286 -22.528  -6.672  -6.968 -15.457  -5.800 -14.086 -11.686  -9.577  -4.764  -8.661 -12.690   7.292   2.249
        22 -22.724 -22.010 -24.315  19.507 -27.971   4.068  10.128  -1.395  -9.878  13.591   8.107   2.551 -22.597  10.158 -24.517   0.846
        23  -1.050   0.434 -16.943  -2.100  -1.851 -11.545  -2.171   1.386   6.539  -9.242   4.205   0.803  -9.303  -4.148   1.846   5.496
        24  -5.204  -0.875 -10.874 -10.921  -6.469  -0.230 -16.792  -1.564   3.609  -7.528  -2.229 -18.236  -6.772  -0.055  -6.960   3.964
        25  13.413 -17.953   3.228  -5.143   4.112  -6.284  -1.892 -15.341  -4.842 -16.402  -6.187 -16.970  -3.806 -11.498  -9.813   2.792
        26   1.097 -29.467   6.577  18.410 -18.393  -8.497 -21.306 -19.425  -4.585  10.273  11.184   7.283   4.366  -5.966 -29.829   0.797
        27   9.603 -15.344 -11.059  10.503   1.109 -10.762   8.696   0.205   7.409 -20.691   8.827  -4.104  15.448  -0.690 -10.403   2.474
        28  17.962 -22.320  15.626  -1.186 -29.687 -24.698 -27.262  -6.430   1.958 -19.462   0.929 -26.850  -4.113  11.297 -17.693   0.774
        29  -9.359   1.338 -15.349  -4.034  -8.327  -4.150 -12.148  -3.479  -2.287   1.510 -22.217 -10.250 -13.964  -4.898  -6.644   2.956
        30 -11.537   0.008 -19.131  -2.736 -11.206  -5.447  -0.657  -0.663  -1.262  -3.783  -9.151 -12.258   5.997 -16.226  -4.676   3.504
        31 -22.732  -2.588 -21.212 -13.916   9.930   1.264  -7.635  18.273  -7.847  11.744   7.208  16.925  -3.906  -3.055 -12.663   2.064
        32 -27.256   6.147  14.395 -13.382 -19.263  19.226  10.589  -0.170 -15.038  16.774  13.335  16.812  18.419 -15.824  -6.338   1.045
        33   3.619  -4.017   2.418  -0.848  -2.824 -15.249  -0.403 -11.141  -6.403  -5.745  -4.428  -3.392 -12.245 -13.596 -15.130   3.774
        34 -10.204   0.722 -14.887  -0.376  -5.333   3.254  -7.238   3.469  -9.077 -16.790  -2.293  -0.093   0.466   0.247 -17.146   3.857
        35  -2.051   8.824  11.305 -10.397  -0.901 -25.908 -20.595 -28.502  14.011  13.930 -12.039 -23.851 -21.579  -7.361  10.256   1.146
        36 -14.057   8.825  -3.526  -7.489  14.023  -2.480  -4.990  11.873 -12.586  18.497 -16.359   2.747 -11.696  17.175  -5.994   2.246

**Task:**
- Reflect on your previous hypotheses and on the entire data.
- What do we know from the data?
- Continue live commenting on the optimization progress.
- What are the subspaces that maximize target the most?
- What are the subspaces that are detrimental and minimize target?
- Improve your previous hypotheses for maximizing target in the light of the new comment and learnings. Feel free to also discard some hypotheses that have proven to be performing consistently poorly in previous iterations, and/or propose new ones. Additionally for each hypothesis, give a single point you want the Bayesian Optimizer to try.

Important: Only provide your response in the exact JSON response format described at the beginning of our chat, without any additional syntax or libraries.
\n```json