The Bayesian Optimization is in progress and is currently at iteration 36. 

36 new experimental data has been obtained giving us currently a dataset of 36 experiments:
 Iteration     x_0     x_1     x_2     x_3     x_4     x_5     x_6     x_7     x_8     x_9    x_10    x_11    x_12    x_13    x_14  target
         1  -5.000   0.000   5.000   5.000  -5.000   0.000 -10.000  10.000   0.000 -15.000  15.000 -10.000   5.000  10.000  -5.000   5.852
         2  20.000  20.000 -30.000 -30.000  20.000  20.000 -30.000   0.000 -30.000 -20.000  10.000 -10.000 -30.000  15.000  -5.000   2.215
         3 -10.000   0.000 -10.000   5.000  10.000  -5.000   0.000   5.000 -15.000   3.000  -8.000  14.000   2.000 -20.000  10.000   4.897
         4 -10.000  10.000 -15.000   5.000 -20.000  20.000  -5.000   0.000  17.000   1.000  -1.000   4.000  10.000  -5.000 -10.000   4.172
         5 -15.000  10.000   3.000 -20.000   0.000  15.000 -10.000  20.000  -5.000   5.000 -15.000  12.000  -8.000  18.000   1.000   3.656
         6  -0.405  -0.677  -5.852  10.778  -6.696   3.400   2.149  17.386   1.307 -19.470  16.768 -14.309  -3.197  18.505 -12.957   2.145
         7   4.629  10.887 -15.190   4.238 -29.081 -11.883 -25.872 -23.393 -21.818 -19.282 -21.802   5.850  11.315  18.300  -7.714   1.020
         8 -16.596  -7.283  11.663   6.009  18.878  10.511   7.377 -23.131  -3.532  14.713 -21.526  19.930 -21.616 -13.157 -14.646   0.990
         9   6.130  14.998  14.184 -19.699  -6.403 -11.140   4.582   5.405 -14.347   0.846  11.732  19.285  15.228 -11.227 -23.908   1.631
        10 -11.359  -3.429 -25.796 -14.455 -13.483   1.538 -19.191  -3.672 -23.882 -11.827 -10.360   6.200 -10.643 -16.585  -1.322   1.212
        11 -28.085  -2.716   7.415   0.737  12.090   9.715   0.996 -25.522 -18.475  -1.683  -9.010 -10.046   7.446 -13.281   3.291   1.697
        12  -3.234  19.914 -22.934  -3.549  10.351 -10.993  11.601 -20.003 -29.413  -0.615  -8.261   8.182  10.026  18.710 -17.416   1.194
        13 -12.310  19.841   0.292 -15.886 -14.962   5.306 -17.884  -1.168 -11.941  -2.314   7.381 -24.454 -13.100 -18.053 -10.888   1.833
        14 -12.930  16.745  -5.418  -8.086 -25.872 -19.885  -7.001 -26.202  12.964  11.749   7.343  10.219  -2.887  -6.760 -24.726   1.566
        15 -16.335 -26.826  -0.279 -25.642 -24.381 -27.155 -13.629   4.047 -27.601   2.736  -3.454  17.475 -14.914   7.211 -17.568   0.573
        16 -14.611 -25.924  10.789  -9.732   5.584  12.807 -22.163  14.919  10.878 -26.196  -7.755  18.232   0.235 -18.132   1.160   1.430
        17  -2.203  -4.041  -2.698  -4.521 -11.087  18.031  -5.926  11.826 -17.358 -25.127  16.572  16.195  -0.348 -11.008 -16.375   1.886
        18 -16.186  -8.415  -7.161  18.238   6.689  17.259  -3.233  -0.712 -17.064   6.058 -13.652 -20.534   4.226  -4.896 -18.582   1.823
        19   9.989  12.021 -13.993   9.476 -12.830 -23.965   3.649  -8.476 -20.347 -24.629  19.850  -3.883   4.695 -28.515   6.193   1.174
        20  13.884  -8.762 -22.316  11.369 -28.231  17.038  17.669   6.897  -0.190 -26.898  -0.053  17.593 -27.176 -26.245 -11.704   0.948
        21  -8.104  18.886   3.391   2.790 -27.566   7.495  -4.403 -10.289 -26.501   9.497 -12.278 -18.701 -24.655 -21.265  16.806   0.714
        22 -11.337   8.555 -11.397   9.238  14.101   1.772   6.651   1.137 -18.764  -3.499 -19.558  13.483   2.186 -13.144  16.452   1.935
        23  15.877   3.936  -2.473   5.315  10.880 -26.044  -0.423 -28.226  16.779  -3.326   2.993 -23.121 -15.070 -29.593   6.291   1.209
        24 -20.078 -16.053  12.089 -20.013  -6.965 -16.829  -1.925 -22.008  -2.285  19.986  -2.679   7.176  15.648   3.285 -20.042   2.030
        25  14.384 -10.607   5.628 -11.003 -16.463 -20.851 -18.689  18.110  -7.447 -16.541  -1.301  -9.094  19.345  -1.897  14.819   1.366
        26  -5.151  -2.401  18.229  11.913 -16.234   1.621 -27.642  19.330  12.335 -21.671   6.634  -1.761   6.467 -27.351   1.544   0.937
        27 -19.176  18.425 -15.844  -3.135  -9.702  11.633   4.803  -1.134  17.262  14.323   0.178   8.465  12.071  -4.480 -17.598   1.859
        28  13.792   4.515  17.784  11.211  -8.985 -10.852 -21.762   4.113  -0.742  12.644  13.459  15.829 -27.753 -18.623  18.625   1.186
        29 -20.574 -11.799 -24.276 -22.747   7.199  -7.247 -11.531 -10.889   4.814  15.059  -9.544 -26.927 -17.782 -20.228  10.621   1.027
        30 -20.630   6.392  -9.474  -5.536 -11.849 -28.694 -26.799 -26.702   2.810   8.146 -18.842  11.510   0.297 -13.006  -4.703   0.940
        31   0.168   4.018   2.654 -12.266   2.880  -8.110   3.106 -13.975  -8.173  -3.459  -9.640 -16.526  15.085 -14.072  19.933   2.938
        32 -14.727   2.083 -10.454   2.796  14.720  -3.112   9.819   3.685 -27.117   9.353  -5.785  15.052   1.039 -13.300   1.492   2.400
        33   4.835  -7.109  18.656  10.069 -23.832   9.080 -12.361 -20.767   6.603 -11.754   7.053  -3.242 -16.204   7.269 -24.685   1.631
        34  -1.173   7.055 -29.541   4.974  -8.388  -2.518  17.143  -9.552  17.221  -9.152   5.725  -4.466 -18.687  -9.881 -11.898   1.803
        35   5.115 -15.975  15.099  10.625 -14.111   0.619  14.058  14.350   5.766   4.621   7.680 -23.155 -18.659 -16.929   5.771   1.867
        36  -0.602   4.272 -23.335 -23.299 -23.853 -29.868 -27.017 -25.512   0.318  -4.060   5.933 -12.608  -6.298  -3.830 -25.315   0.772

**Task:**
- Reflect on your previous hypotheses and on the entire data.
- What do we know from the data?
- Continue live commenting on the optimization progress.
- What are the subspaces that maximize target the most?
- What are the subspaces that are detrimental and minimize target?
- Improve your previous hypotheses for maximizing target in the light of the new comment and learnings. Feel free to also discard some hypotheses that have proven to be performing consistently poorly in previous iterations, and/or propose new ones. Additionally for each hypothesis, give a single point you want the Bayesian Optimizer to try.

Important: Only provide your response in the exact JSON response format described at the beginning of our chat, without any additional syntax or libraries.
\n```json