The Bayesian Optimization is in progress and is currently at iteration 36. 

36 new experimental data has been obtained giving us currently a dataset of 36 experiments:
 Iteration     x_0     x_1     x_2     x_3     x_4     x_5     x_6     x_7     x_8     x_9    x_10    x_11    x_12    x_13    x_14  target
         1  15.000  15.000  15.000  15.000  15.000  15.000  15.000  15.000  15.000  15.000  15.000  15.000  15.000  15.000  15.000   2.941
         2 -15.000 -10.000  -5.000   0.000  -3.000  -7.000  -8.000 -12.000 -14.000  -5.000 -18.000 -20.000 -15.000 -16.000  -4.000   3.867
         3 -10.000   5.000  -5.000  10.000   0.000 -15.000  20.000   0.000 -10.000   2.000  -1.000   3.000  14.000 -20.000  -8.000   4.402
         4 -30.000  20.000 -30.000  20.000 -30.000  20.000 -30.000  20.000 -30.000  20.000 -30.000  20.000 -30.000  20.000 -30.000   2.060
         5   0.000   0.000   0.000   0.000   0.000 -10.000  10.000  -5.000   5.000  -1.000   1.000  -2.000   2.000  -3.000   3.000  10.400
         6 -18.999  10.186   8.015 -10.861 -24.592 -19.655 -15.502 -27.267   2.337  -3.099  14.481 -12.470 -25.265 -14.730 -16.288   0.851
         7   5.717  -0.489  -2.831   0.557  -4.739 -18.651  15.520   0.325   8.652  -3.088  -7.712  -2.723 -12.221  15.382   5.598   3.222
         8 -16.849  -1.151  -3.172  15.333 -12.631  13.686 -17.197 -10.727  -6.542  -8.530  17.409 -14.201 -24.222 -15.484 -27.158   1.027
         9  -7.074  14.234 -10.486 -20.700 -21.244  13.858 -29.978   9.934  -2.252  17.529  12.255  16.605 -15.632 -11.325 -15.193   1.044
        10  -1.134 -29.345  -1.796 -10.212  -6.934   7.036 -12.170  -3.132 -18.581   2.649 -21.785   8.784  -2.450  -2.965 -29.770   1.597
        11 -11.992 -22.276  -1.046  16.366  -6.636 -17.145  -7.650  -6.354 -16.153  -2.204 -21.745 -20.046 -16.327 -13.015  -8.014   1.654
        12  -1.383   0.546  -0.428   0.898   0.387 -10.007  10.744  -4.832   3.214  -0.638   1.102  -1.595   4.008  -5.806   1.908   8.326
        13  -0.740   3.990   8.443  -7.144  -0.629 -26.433   1.531   9.421   1.221  -3.536  11.282  -4.804  -2.821 -10.050   2.575   3.367
        14  -7.065   2.146  -4.890   3.690  -3.348   6.451  10.437  -6.656  17.671   7.909   6.208  -7.157   5.261  -8.275  14.371   3.881
        15  -1.051  -3.049  -8.963   9.121  -6.130  -0.360   4.251   8.773   4.782   4.384  -2.343   2.157  -5.397  -7.161  12.115   6.238
        16   4.264  13.558   8.297   1.466  -5.446 -17.175  17.759   3.084  14.870  -7.085  11.169   3.528  11.216   1.818  10.048   2.880
        17   3.084  10.274   2.667   8.722  -0.779   0.057  14.909 -15.411  -2.927  -2.775  -2.428   9.016   1.683   0.875   7.142   5.038
        18  -2.551  -2.687  -9.056   6.021 -16.765   8.154  11.123  -7.509   3.948   0.900  -6.379   9.766  -7.093 -14.419   2.625   3.994
        19   2.246  -2.744 -12.326  -1.869 -10.212 -10.853  -9.496   0.206   4.386  -1.032  -5.769  16.155  -0.273  -1.156  14.802   4.225
        20  -4.607   0.087   3.125   5.252  -5.720 -23.612  17.682  -1.361  12.821   7.385  -5.872  -2.922  -7.894  -9.447 -11.385   2.865
        21   5.797   2.134   4.729  -3.000  -9.392 -20.567  18.631   8.751   0.746   0.310  -0.635 -14.662  -6.492  -7.068  11.592   2.848
        22   2.194 -12.544  -0.826   8.188  -3.196   2.076   2.778   2.745   1.909  -8.147  -7.138  -7.403  10.408   2.772  16.420   4.871
        23  10.886 -11.261  -0.449   1.189 -13.536  -5.355  -0.652  -0.515  -4.000   2.860  -7.680  13.109  -3.637  -2.030   2.829   5.120
        24   0.020  -6.792  15.425 -16.027   2.184  -8.473   8.203   4.062  14.675   8.017   3.131  -7.035  -0.360   1.524  -2.065   4.249
        25 -13.003  -5.102  10.406   0.229  10.435  -1.525   0.131   5.296   7.128   0.050   4.689  -6.851  -5.408 -11.302   5.201   5.146
        26   1.812  -4.373  -2.166   2.825  11.235 -14.401  13.868  -3.252  15.366  10.096  11.571   6.111  -0.685   5.442  -5.491   3.614
        27   2.843  -6.161 -19.349  10.153  -2.807   0.447   8.335  12.854  -2.583  -2.960   1.011  -8.389  -2.267 -15.584  18.333   3.014
        28 -15.558   4.362   2.600  -5.708   3.911   0.125   7.406   4.022   1.863  -6.877  -7.658  -5.860 -13.409  -5.107  -0.565   5.121
        29   1.923   1.518  -7.080  -4.739 -16.761   0.960   8.727  10.432  -5.453  -3.793  -1.912  -0.702  -2.812   1.039   1.653   5.932
        30  -2.734 -13.339  -9.510  -6.718  -9.131  14.211   5.653  15.389  -5.258 -10.615   1.697  -3.121   3.350  -3.895   0.778   3.824
        31  -3.790  -7.281 -12.994  10.908  -3.354   8.602  13.414   9.815  -7.225   9.432 -10.421   6.311  -4.782  -8.928   2.629   3.691
        32  11.360   1.532  -4.689  -0.289   2.146   4.936  14.446 -18.910   8.245 -10.362  -9.349   1.931  15.629  -5.096   2.585   3.238
        33 -15.876  -1.662 -12.716   0.827   6.275  -8.323  10.411   3.017   6.147  -4.791  -1.604 -11.561  -5.980  -5.278   3.369   4.372
        34   7.739  -8.168   1.853  -2.982 -10.184  -9.097   9.791  14.528  14.644  -9.455   7.629   1.502  -1.456   2.264   5.877   3.944
        35   8.974  -9.233  -1.016   0.427  -2.121 -22.367  16.653 -15.576  16.469  -7.232  11.187 -10.461   6.614  -1.389   0.231   2.285
        36  -1.119  -2.072  -2.990  -2.771 -23.149  -2.863  19.706   7.313 -16.271  -1.250   2.448   3.224   6.545   3.548   4.876   3.270

**Task:**
- Reflect on your previous hypotheses and on the entire data.
- What do we know from the data?
- Continue live commenting on the optimization progress.
- What are the subspaces that maximize target the most?
- What are the subspaces that are detrimental and minimize target?
- Improve your previous hypotheses for maximizing target in the light of the new comment and learnings. Feel free to also discard some hypotheses that have proven to be performing consistently poorly in previous iterations, and/or propose new ones. Additionally for each hypothesis, give a single point you want the Bayesian Optimizer to try.

Important: Only provide your response in the exact JSON response format described at the beginning of our chat, without any additional syntax or libraries.
\n```json