The Bayesian Optimization is in progress and is currently at iteration 36. 

36 new experimental data has been obtained giving us currently a dataset of 36 experiments:
 Iteration     x_0     x_1     x_2     x_3     x_4     x_5     x_6     x_7     x_8     x_9    x_10    x_11    x_12    x_13    x_14  target
         1  15.000  15.000  15.000  15.000  15.000  15.000  15.000  15.000  15.000  15.000  15.000  15.000  15.000  15.000  15.000   2.941
         2  -5.000   5.000  -5.000   5.000   0.000  10.000 -10.000   0.000   5.000   5.000  -5.000   0.000  10.000   0.000  -5.000   8.249
         3 -30.000 -30.000 -30.000 -30.000 -30.000 -30.000 -30.000 -30.000 -30.000 -30.000 -30.000 -30.000 -30.000 -30.000 -30.000   1.995
         4 -30.000  20.000 -30.000  20.000 -30.000  20.000 -30.000  20.000 -30.000  20.000 -30.000  20.000 -30.000  20.000 -30.000   2.060
         5 -10.000 -10.000  10.000  10.000 -10.000  10.000 -10.000  10.000 -10.000  10.000 -10.000  10.000 -10.000  10.000 -10.000   4.652
         6  -7.476  -4.909  -1.941  11.146 -25.336 -15.739   9.016   4.875 -20.408   2.181 -26.628  -3.896  -1.567  -3.792 -21.306   1.600
         7   1.279   5.261  -0.879  14.378  -1.773  11.670  -1.671 -11.163  10.479   6.973 -20.605  -7.590  10.729  -1.726  -6.131   3.223
         8  12.728  -5.077  -4.083  -6.244 -19.978  -5.538 -21.835 -16.029  10.664  15.081 -18.985   0.322  13.363 -20.071  14.279   1.789
         9  19.955 -29.703  -3.459 -25.552  -9.151  18.019   9.162   8.166  -2.534 -23.991 -14.935   9.319 -11.244   5.889 -21.993   1.256
        10   0.754   4.591  -8.535  18.238   3.057  14.944 -23.118  -6.389   3.037  -1.042  -6.183  10.297   2.741   0.775  -9.361   3.076
        11  -4.494  -2.828 -21.289  -0.322   3.224  10.012 -14.682  -4.647  13.948  -4.248   4.671   8.555  13.576   2.436 -14.540   2.617
        12  12.299 -12.289 -28.712 -18.556  -8.220  -3.772   7.398 -23.059  -7.748   0.634  19.282  12.062   1.378  10.588  -5.441   1.271
        13 -13.282  -0.430  -1.908   8.766   3.612   6.234 -10.586  12.766   1.411   0.799 -14.618  14.592  14.226 -14.453   8.165   2.716
        14 -29.554 -20.920   4.535  -3.094  -6.657  10.410  14.496  17.155  -1.580 -11.889  17.497 -27.768   7.362 -12.995   0.612   0.988
        15  -1.988 -18.035   4.716  -8.348 -28.639 -11.628  12.750 -25.071 -28.938 -27.216 -17.050  14.845  11.765  -6.770  -1.701   1.114
        16 -10.751   1.839  -6.317  -1.226  -2.170  -5.812  -7.999   1.076   1.112   7.686   5.050  -7.476  12.218  -7.032  -2.002   6.270
        17   6.984  -5.066  -5.000  17.300   0.972   7.113 -10.185  -4.084   1.863   5.152  -5.670   0.038  14.712  16.407   0.451   4.208
        18 -14.027  11.046  -0.835   7.894   4.044  10.842 -14.854  -4.773   1.615   0.976  15.600  -6.263   3.601 -15.226  -4.579   3.558
        19  10.113  16.144   4.192   1.265 -16.055   6.099 -17.774   9.318 -20.480   8.054   2.594  18.627 -24.070  18.570   1.631   1.560
        20 -19.358  14.804 -29.225 -18.172 -11.981   9.162   7.570   4.143  -3.496 -11.601 -23.792  18.575   3.770 -22.518 -12.531   0.885
        21  17.796  -2.912 -27.574  14.855 -11.942  -5.272   4.884 -13.639   6.481  12.402  12.759   0.772 -15.819  15.018  12.789   1.731
        22 -23.646 -25.570  -4.889 -13.296  16.722  14.910   2.913  12.501 -22.087   1.736   0.342  13.169 -24.049  10.355   6.267   1.211
        23  10.155  -7.454  -2.868  15.735   5.586   1.169 -16.110 -11.751   2.326   7.515   2.278  -2.620   8.110  17.151 -15.000   2.967
        24  -8.085  -9.267 -10.695  -5.734 -17.409  -1.041   8.597  -0.968  -3.550 -26.811   4.526 -15.674 -28.801   8.058   1.868   1.718
        25  -6.983  -8.917   8.462 -22.747   5.648   3.545  13.652   1.999 -15.542 -17.085  -3.768  10.240 -22.001   3.616 -20.647   1.683
        26 -13.964   4.300 -16.252   4.683   7.802   2.682  -4.139  -1.690  -3.474   8.475  -6.629 -19.095   6.171   5.857 -17.286   2.988
        27 -11.018 -11.190 -11.260 -23.073  -0.136 -29.935 -13.052  18.123  -6.897   8.124 -17.889 -20.323   0.441  18.883  -6.910   1.843
        28 -11.161  16.756  -6.154  -4.159  10.648  11.920  -6.966   4.675  16.620  -2.107   0.523 -11.283   4.732  -3.467  -7.925   3.432
        29   3.024 -16.591   0.419   8.617 -25.780 -16.792  -6.285  -2.249 -29.251 -14.198 -24.117 -15.022  10.866 -17.625 -12.739   1.102
        30  -4.501  13.585   3.501   6.078 -11.979  -1.725  -3.200  -2.438   5.570 -10.735 -14.820   3.175  10.585   4.258  -5.234   4.134
        31 -16.827 -12.111  -5.103  10.949 -16.377  12.172  -4.021   0.746  -1.668   4.579  -3.477   4.303  -7.316   1.045  -0.351   3.853
        32  17.167 -11.846 -20.778  16.263 -20.406 -19.730 -29.757 -12.076  14.474 -25.258 -20.315   7.026 -15.874  12.914 -11.082   1.013
        33  13.418 -28.879  15.089  -8.241  -6.678  10.891  -6.123  13.526  13.175  -7.965 -25.147 -14.410 -29.939 -21.897  -0.491   1.147
        34   1.374  -4.955  -1.267   6.828  -5.530  -3.092  -3.619  16.345  -0.067   5.235  -2.694   3.493  -2.202   5.265   1.110   6.700
        35  -4.041   0.695  -4.842  -1.940  -6.288 -24.534  10.989   2.645  10.038   0.059 -14.538 -29.141   5.385 -23.988 -15.841   1.784
        36   4.033 -11.744  -2.773  -1.872   4.635  -8.772  -0.855  12.235  -1.090  -6.495   0.938  -6.955   5.766  -1.444   9.990   5.924

**Task:**
- Reflect on your previous hypotheses and on the entire data.
- What do we know from the data?
- Continue live commenting on the optimization progress.
- What are the subspaces that maximize target the most?
- What are the subspaces that are detrimental and minimize target?
- Improve your previous hypotheses for maximizing target in the light of the new comment and learnings. Feel free to also discard some hypotheses that have proven to be performing consistently poorly in previous iterations, and/or propose new ones. Additionally for each hypothesis, give a single point you want the Bayesian Optimizer to try.

Important: Only provide your response in the exact JSON response format described at the beginning of our chat, without any additional syntax or libraries.
\n```json