The Bayesian Optimization is in progress and is currently at iteration 36. 

36 new experimental data has been obtained giving us currently a dataset of 36 experiments:
 Iteration     x_0     x_1     x_2     x_3     x_4     x_5     x_6     x_7     x_8     x_9    x_10    x_11    x_12    x_13    x_14  target
         1   0.000   0.000   0.000   0.000   0.000   0.000   0.000   0.000   0.000   0.000   0.000   0.000   0.000   0.000   0.000  21.945
         2 -10.000  10.000  -5.000  15.000 -20.000   0.000 -15.000   5.000 -10.000  10.000 -10.000   5.000 -10.000  10.000   5.000   4.400
         3 -30.000 -30.000 -30.000 -30.000 -30.000 -30.000 -30.000 -30.000 -30.000 -30.000 -30.000 -30.000 -30.000 -30.000 -30.000   1.995
         4  20.000  20.000  20.000  20.000  20.000  20.000  20.000  20.000  20.000  20.000  20.000  20.000  20.000  20.000  20.000   2.312
         5 -28.000  18.000  -5.000  15.000   0.000 -20.000  10.000 -10.000   5.000 -15.000  20.000 -25.000   8.000  17.000 -30.000   2.575
         6 -26.861  -3.721 -16.082  -3.298   2.717  11.731 -16.448  -2.574 -20.117   8.896 -20.320  -7.241 -22.440  14.036 -12.714   1.276
         7   0.394 -29.411 -14.282 -23.364  18.665   3.212  18.823 -17.243 -18.676   9.494  -1.105 -16.249  -4.873   4.355  15.372   0.917
         8  10.440 -17.544  -1.587  -2.871   6.737   2.153  -4.753   8.754  15.097  -8.745   3.865 -10.376 -10.656 -19.848 -10.890   2.714
         9  11.949 -18.570 -16.401 -21.629 -20.097 -28.096 -19.239  19.477 -13.776  -5.922 -22.729   0.930   2.187 -10.282   9.900   1.103
        10   9.251   5.974 -20.023 -11.350 -22.541  -2.657  14.093   8.349  18.661  10.793  15.378 -26.309  14.384  16.446  10.965   1.079
        11   9.957 -22.682 -17.313 -19.846 -13.767 -16.447 -19.570  -3.122   6.950  15.092  -0.918  -0.473   6.311 -21.590 -26.241   1.132
        12 -29.627 -10.966 -28.620  -3.494   9.061  -4.138   9.857  -1.959   9.223  -3.947  12.577 -21.798  13.455  14.139  18.477   1.239
        13 -10.106   7.703  -3.545 -14.687 -27.592  -1.976  -7.310  12.818  16.871  19.483  15.991  11.261  -4.749  14.613  14.668   1.402
        14  -3.661  -8.290  -9.760   6.835   4.240  -6.677   1.514   9.215  -4.500 -10.782   8.093   6.683  -5.989  -6.144  -7.310   5.068
        15   7.754  -6.934   5.304  14.610  -8.433   9.756   5.772  -4.225   1.888   3.906  14.150   4.273  -2.412   0.746   5.425   4.672
        16  -2.853   8.267   4.382  -6.554  16.733   9.004  -0.822 -13.314  -1.868  -1.085  -6.425   6.292   1.876   0.529   6.246   4.837
        17 -21.833  13.482 -23.037  -9.808   6.669 -16.228  -4.255 -28.991  -1.232   3.625  -3.063 -27.398 -11.902 -26.767 -13.397   0.990
        18  -2.755  -8.180   2.662   6.746  -7.346  10.782   3.888  -5.173   5.704   1.693   1.335  13.296  -9.841   4.730   5.319   5.281
        19  -6.814  10.869  -5.389  -3.446   0.566   3.615   4.936  12.182   2.072  -5.961   9.404  -7.363  -3.538  -6.655  14.196   4.624
        20 -18.594  13.340   3.491 -28.133   1.551 -26.631 -25.351 -19.034 -19.672  -6.574 -18.094 -29.962  16.401  -5.744 -21.226   0.477
        21 -12.341 -25.914 -22.199  18.922  13.330 -11.663 -28.244 -26.040 -23.258  -2.324  17.608  12.158  14.327 -14.679 -28.862   0.666
        22   8.952  -8.570 -13.872   0.260   4.036  -1.671  -1.465  -8.722  -3.680   9.738   0.483  -2.290   5.346  -1.280   2.958   5.799
        23 -14.132   1.087  14.829  -2.584 -12.272   0.461   4.808   5.758   4.957  11.577  -3.594   2.824   0.488   1.417  -5.351   4.542
        24   5.568 -18.303  15.120  19.753 -11.642 -19.752  11.574 -18.343  -3.735 -10.087 -13.611  -5.388 -27.846 -24.479 -29.756   0.617
        25   9.781 -20.868   7.994   5.868 -15.066 -29.152  12.281   7.846 -24.986 -17.987  -1.800  -7.822 -25.944 -23.173 -26.982   1.662
        26 -29.925   2.117  -4.382 -24.151  -0.192 -24.445 -20.897   7.393 -25.031  -9.395 -24.142 -29.016   9.363 -28.840   2.616   0.771
        27  -4.557  -1.396   5.825  -2.587  -9.588   0.534  -7.039  -5.010  -7.677  -0.978   5.062  -6.360  -6.315  -1.390  10.057   6.448
        28   4.781   1.635 -11.136 -16.069  -2.519  -3.665   6.050  -3.977  -8.083  -0.695   5.231  -1.751 -16.713   4.896   0.330   4.715
        29  -4.834   6.400  -3.204  -2.711   1.978  -6.402   1.562   5.573  -1.149  -1.058  13.784   0.008  15.241  -2.516  -0.465   5.853
        30   2.903 -15.080  11.797   4.226   1.307  -1.558 -11.889  -2.843  -0.533   3.655  -0.092   2.960  -6.029  -4.024  -2.834   6.089
        31   1.313 -11.157   3.981 -17.683 -13.583   1.607  16.231   8.135   4.002   7.327  16.872  15.677   0.827  -6.473   2.013   2.812
        32 -17.332  -3.427 -14.265 -19.627 -26.501   4.759 -16.931 -22.459 -14.780  -4.344   5.009 -20.922 -26.947 -28.665 -26.005   0.671
        33 -12.138  10.949  -5.249   0.235   2.882   9.546 -17.933  -1.024   2.771   2.375   3.189   9.608   3.349  -2.667   1.868   4.789
        34 -15.668   4.630 -17.811 -29.722   8.464 -19.506  -7.582 -18.845 -13.805 -11.306  -1.211  14.401  -7.737 -14.128  15.107   1.085
        35 -17.697  -9.830 -20.207   6.724 -26.464  -9.876  -8.649   5.945  11.338  -8.316 -25.910 -18.971   9.400 -17.623 -21.515   0.953
        36  -7.560   2.844 -14.768   8.746  -2.520   4.172  -3.223   1.745 -11.150   2.106  -5.240   5.259  -2.391   0.844   7.764   5.641

**Task:**
Using the points suggested by the optimizer below, give 2 hypotheses maximizing target. Each hypothesis must only contain 1 unique point from the optimizer suggestions.

The Bayesian Optimizer suggestions these points to try next:
    x_0     x_1    x_2     x_3     x_4     x_5     x_6     x_7     x_8     x_9    x_10    x_11   x_12    x_13    x_14
-10.509 -14.134 -1.292 -10.699  -1.197  13.085 -24.557  -4.303   2.211  19.641 -21.350  14.220 -0.814 -19.991 -27.683
 17.724  17.921 15.363  -8.748  15.064   5.424 -15.179  19.422  -4.696 -14.569 -17.138 -27.444 -9.877  -2.810 -29.964
 -5.048  18.815 -8.474  -1.428 -29.689  -9.507 -18.955  13.826 -12.602   9.647  12.056 -29.655 -0.379  16.601 -22.453
 14.325   3.125  9.453   5.961  17.344 -26.054   8.513 -16.509 -26.164  16.395  13.003  -6.218 15.851 -24.190 -13.490
  3.983  -9.119  1.733  17.587 -13.061 -27.067 -10.683 -21.257  -9.234   0.638  19.298 -23.333  3.613  -8.626 -19.919

Important: Only provide your response in the exact JSON response format described at the beginning of our chat, without any additional syntax or libraries. Remember the hypotheses points must be chosen from the ones recommended by the optimizer.
\n```json