

We have now finished the optimization, and below is the complete dataset of 105 experiments:
 Iteration     x_0     x_1     x_2     x_3     x_4     x_5     x_6     x_7     x_8     x_9    x_10    x_11    x_12    x_13    x_14  target
         1  20.000  20.000  20.000  20.000  20.000  20.000  20.000  20.000  20.000  20.000  20.000  20.000  20.000  20.000  20.000   2.312
         2  -5.000   0.000   5.000 -10.000  10.000  -2.000   2.000  15.000 -15.000 -20.000   8.000  12.000   0.000  -5.000  10.000   4.762
         3 -20.000 -20.000 -15.000 -10.000  -5.000 -20.000 -12.000 -18.000  -8.000  -2.000  -4.000 -10.000 -15.000  -8.000 -20.000   3.191
         4 -30.000 -10.000  15.000   5.000   0.000  10.000  -5.000  18.000 -12.000  13.000  -1.000   7.000  -7.000  19.000 -25.000   3.075
         5 -30.000  20.000 -30.000  20.000 -30.000  20.000 -30.000  20.000 -30.000  20.000 -30.000  20.000 -30.000  20.000 -30.000   2.060
         6  14.036  -7.588  -8.539 -29.243  -6.917  -5.908   2.477 -28.275  -8.066  16.973   8.739   5.073  -1.878 -14.964  -5.281   1.845
         7  -6.691   9.883  -2.561  19.248 -17.164   3.765 -11.827  12.242 -28.715 -16.000   8.091  13.808 -22.551 -24.634  -9.035   1.247
         8  -5.964   3.169   0.783 -12.902   5.762  -2.083   7.406 -17.859   4.277 -10.780   0.284  -5.935  17.563  -6.197   6.553   3.785
         9  -5.345   0.303   4.525 -10.920   9.896  -2.125   3.088   9.953 -11.635 -18.739   6.712   9.046   3.255  -4.714   9.777   3.935
        10  16.410  16.961 -12.577 -16.438  18.917   5.082   9.023  10.253   3.515 -22.243 -25.309  -2.024  -4.382  13.796  -5.131   1.506
        11  -7.666   9.000   7.460 -20.590  16.922   0.287   4.349  15.147 -23.474 -14.790   7.023  16.018 -11.653  -6.351  11.943   1.727
        12 -11.172   4.909   1.932 -11.738  14.780 -10.566  12.824  12.024 -17.224   0.812  12.328   2.080  -0.092  -3.948  11.124   3.415
        13  -1.134 -11.715   0.596  -1.571   1.926  -1.134 -11.982   7.714 -24.157  -8.862  13.548  16.859   0.605  -7.848  -5.056   3.010
        14   8.068 -11.085  -9.537 -28.164  15.407  -5.489   6.446   2.612 -28.534  -0.931  -3.133   3.260  -2.288 -26.940  17.063   1.277
        15   0.302  -1.982   2.251 -21.974   5.335  -1.599  -0.238   0.703 -15.199 -28.471  10.456  15.857   9.169  -6.598  18.592   1.693
        16  -4.349  18.772  -9.305  -2.279  -6.605  15.228   6.001 -27.254  15.236  15.316  -9.496  -7.083  -2.004  16.597  11.349   1.620
        17  -0.193  -7.033 -17.724  11.457 -15.453 -19.345 -14.452  -1.866 -21.699   3.139 -11.009 -28.604   9.630 -20.368   6.582   1.063
        18   3.455   3.143   7.576   1.704  15.878 -14.825   3.032   3.993  -0.498 -24.146   5.137  19.551  -2.369  -9.474   7.422   2.473
        19 -10.683   3.547   7.250   2.618  18.691  -3.323  -0.272 -14.775  -0.067 -16.928   1.262  -7.576  17.161  -5.974  -4.149   3.016
        20  -2.489   6.396  12.177   2.928   4.032   1.209  -0.662  14.219 -11.474 -23.046  11.579  15.062  -7.440  -1.579   1.343   2.802
        21  -3.628   2.873   5.627 -20.650  12.958   8.641   7.960 -23.015   8.057 -11.986   2.181  -3.590  14.798  -7.971 -11.608   2.486
        22  -3.929   8.874   0.480   4.927   7.261   0.649   9.294  10.970  -3.638 -19.826  12.011   2.300 -10.602 -15.194   7.472   3.303
        23  -7.766  -5.184  -1.677  -2.260  18.349 -16.273  10.332 -19.533   0.305 -12.063  -3.083  -3.016   9.599   1.286   5.478   2.872
        24  -3.147   8.517   3.496 -19.586  -3.250   2.912   0.556  11.971  -6.997  19.341  17.413 -12.719 -15.896 -14.755  18.559   1.741
        25  -4.328   2.293   3.472 -10.071   5.122   0.778  -4.857   3.919  -9.038 -10.971  11.241   6.580  -3.912  16.693   3.918   4.847
        26   5.922 -27.441   7.867  -2.678  11.566 -25.079 -29.498 -10.378 -20.761  15.388 -24.101   7.447  -8.581  -2.257  14.219   0.748
        27 -13.042   2.260  10.386  -6.114   8.453   2.147  -1.558  11.198  -7.909  -9.313   1.365 -13.613   4.300  12.424  15.730   3.232
        28  -4.934   1.437   3.651  -9.378   6.234  -0.037  -3.316   7.130 -10.490 -12.191  10.591   6.849  -3.002  12.203   5.316   4.738
        29 -11.410 -10.316   2.162  -8.402  19.844  11.697  -1.565   5.373  -6.067  -5.999   4.577   5.436  -0.500  14.540  13.266   2.877
        30  -6.207   2.820   3.425  -8.913   4.712  -1.601  -3.186   5.208  -9.379  -9.341  11.277   2.797  -1.972  15.644   4.092   4.997
        31  -5.856   1.258   1.769  -9.905   3.451  -3.264  -4.224   8.751 -10.801 -10.414  13.358   5.024  -1.994  18.094   2.808   4.257
        32  -5.079   4.595   4.349  -7.549   5.109   0.446  -3.197   1.708  -8.651  -9.362  10.209   2.338  -3.630  12.919   4.791   5.496
        33  -5.271   6.709   3.909  -5.127   6.230   0.898  -2.131  -1.404  -9.908  -9.394  13.933   1.100  -3.926  13.171   5.848   5.479
        34  -8.023   6.251   6.194  -6.444   2.926  -0.180  -3.904  -3.068  -7.263  -8.850  11.026   0.445  -5.445  12.653   3.970   5.716
        35  -2.607   8.014   9.919  -6.245   3.201  -0.234  -4.514  -3.555  -6.680  -6.399  10.908  -1.135  -3.550  14.281   3.199   5.345
        36  -7.615   9.758   1.005  -6.062   3.768   0.987  -7.143  -2.138  -4.428  -9.659  10.313  -1.624  -5.737  12.712   3.784   5.432
        37  -6.233   4.704   3.496  -5.630   0.244   1.919   0.388  -3.699  -8.039 -10.473   8.929  -2.287  -8.401  14.709   3.779   5.275
        38  -9.875   8.865   4.509  -4.080   1.274   0.631  -4.290  -3.348  -8.708  -5.604   8.386   4.487  -3.046  13.445   6.503   5.212
        39  -7.170   3.306   5.778  -5.594   5.151  -2.491  -5.372  -1.952  -3.721  -7.419  13.281   0.220  -9.357  11.742   6.945   5.179
        40  -9.653   5.899   6.187  -8.468   5.452   3.008  -6.487  -3.273 -10.943  -9.169  11.448  -1.861  -4.999  11.536  -0.108   4.793
        41  -7.119   8.813   5.883  -7.312   1.680  -1.792  -1.375  -2.666  -3.672 -12.484  11.760   1.256  -3.112  13.249   5.412   4.975
        42 -30.000  20.000 -27.502 -30.000 -30.000 -14.412 -30.000 -30.000  20.000 -30.000 -29.078 -20.221 -30.000 -30.000 -30.000   1.289
        43 -30.000 -30.000 -30.000  -2.725 -30.000  20.000 -19.980  20.000  20.000 -30.000  20.000 -30.000 -30.000  20.000 -30.000   1.869
        44 -13.162  19.609  -8.788   6.782   0.600 -26.415  -1.937 -12.349  -5.643  -9.002  19.350 -15.923 -17.727  19.203   5.413   1.340
        45 -30.000 -30.000  20.000 -15.308 -30.000  20.000 -16.621 -30.000  20.000 -30.000 -30.000  20.000 -30.000  20.000 -30.000   1.564
        46 -30.000 -30.000  20.000  20.000  20.000 -30.000 -30.000  20.000  20.000  20.000  15.037 -30.000 -30.000 -30.000 -30.000   2.060
        47  -8.779  -7.444   1.449  -1.483  10.212  -4.562   3.382  20.000 -19.311 -21.176  11.309   9.465   1.044  -2.429  13.120   2.130
        48  -5.217   6.991   4.817  -4.133   0.764   0.174  -5.518  -0.430  -8.593  -7.599  11.427   0.316  -7.042  12.735   4.508   5.499
        49 -30.000  20.000 -23.892  20.000 -30.000  20.000  20.000 -22.147  20.000 -30.000   9.479 -24.988  20.000 -30.000  20.000   1.699
        50 -16.804  12.998  12.636  -7.950   6.677  -9.051   0.435  -9.027 -13.528  -2.903   1.415   4.001 -16.726  13.282  10.618   2.741
        51  11.555   8.950  -9.346   2.725  15.494   8.039  -7.842   1.093 -15.904  -5.138  18.067 -11.565   1.382  11.858  -0.056   3.048
        52  -3.371  -1.365   2.036  14.879   4.045  10.251   2.394  -7.428   0.299  12.652  16.919   7.439 -14.618  14.246 -10.281   2.898
        53 -30.000  20.000  20.000  20.000  20.000 -30.000  20.000  20.000  20.000  20.000 -30.000  20.000 -30.000  20.000 -30.000   2.117
        54  -9.440  -6.803   1.498   8.083  -9.717  15.751 -23.726  -9.138  -5.039 -19.303   6.106  -9.922  -4.963  10.723   5.001   2.623
        55  -1.336  -2.288  16.104  -7.385 -16.686  19.713  -6.064  -1.930   5.086   1.928  16.583   2.534   5.246  17.790  -1.774   2.683
        56  16.072 -30.000  11.099  20.000  20.000 -20.781  13.444 -30.000 -30.000 -30.000 -30.000 -30.000 -21.620   8.385 -30.000   1.153
        57  -7.381   2.779   9.641   3.825  10.692   0.741  -5.853 -26.121   0.146   2.010  12.383   2.118   9.750  15.712   4.752   2.995
        58 -10.473  19.026   4.335   2.013  16.181   4.235  -6.497  -5.770   0.960 -13.397   4.735  -2.811 -16.894  13.773   3.491   2.885
        59 -11.284   6.921   2.051 -16.337   0.382 -13.502   1.335   4.491   5.643   0.531   0.738   0.197  -9.592  11.548  -8.757   3.885
        60 -20.062   2.804   8.941 -30.000  -9.698 -24.656   0.355  19.690  18.055   7.857   2.774   2.132  -1.004  20.000 -23.164   1.565
        61  -5.881   5.643   2.570  -6.555   3.575  -0.624  -2.786  -3.558  -6.273  -5.345  10.565   0.535  -4.817  12.582   2.988   6.054
        62 -30.000  -4.911 -30.000  16.259   7.435  20.000  20.000   9.586  15.209  20.000  -4.409  18.449  20.000 -30.000 -30.000   1.008
        63   1.452   7.880  -7.127   0.280  -4.378  -2.432   2.253  -6.669 -17.295   4.273  -0.561   3.246  -4.409  18.508  -6.714   4.091
        64  -4.446   4.484   1.360  -5.210   3.930  -4.021  -4.105  -5.484  -7.659  -6.718   8.720   1.198  -4.234  12.693   1.534   6.306
        65  -3.386   4.246   0.145  -8.744   2.236  -4.589  -5.286  -7.217  -8.997  -6.052   9.121   0.181  -3.722  12.247   4.180   6.083
        66  20.000  19.766  20.000  20.000 -30.000 -21.225  20.000 -30.000  20.000 -30.000 -30.000 -21.876 -30.000 -30.000  -2.773   1.631
        67  20.000 -21.471  18.368 -27.958 -30.000  20.000 -30.000  20.000  20.000 -18.662 -30.000 -30.000  17.890 -16.520 -30.000   1.048
        68  -6.771  11.956 -18.919 -12.586  -5.118  -7.552   0.356 -10.353 -10.710  -0.095  12.666  11.637  -1.395  11.657   2.003   2.951
        69 -30.000 -30.000 -30.000 -30.000 -30.000 -30.000  20.000 -19.946 -30.000 -30.000  20.000  20.000  20.000 -30.000 -30.000   2.024
        70 -30.000 -30.000  20.000  20.000 -30.000 -30.000   2.801  20.000 -30.000  20.000 -30.000 -30.000 -30.000  16.900 -30.000   1.906
        71 -30.000 -30.000 -30.000 -30.000 -20.950  20.000 -30.000 -30.000 -17.832  -0.253 -30.000 -30.000 -30.000  20.000  20.000   1.787
        72  15.098  10.014  20.000  -8.922  13.137 -30.000  13.690  -7.829 -28.549  15.701  20.000  -4.879  20.000  20.000 -21.692   1.425
        73 -30.000 -17.384  20.000 -30.000  20.000 -30.000  20.000 -30.000  20.000 -30.000 -30.000 -30.000  11.695 -30.000  20.000   1.566
        74   8.647  -6.302   8.935  -8.596   9.018 -15.960 -24.015  -4.809  -7.926 -14.118   8.972  -0.980  -0.034  15.903  -5.926   3.213
        75 -30.000 -30.000  20.000  18.535 -30.000  20.000 -19.598  20.000  20.000 -30.000 -30.000 -30.000  20.000  20.000  20.000   1.490
        76  20.000 -30.000 -30.000 -30.000 -19.104  -6.525  20.000  20.000  20.000 -30.000  20.000 -21.036  11.425 -30.000 -30.000   1.471
        77  -4.533   1.964   1.175  -3.892   2.438  -2.914  -4.770  -6.205  -6.465  -6.240   8.241  -0.910  -1.632  11.643   2.398   7.220
        78  14.142 -10.946   6.365  10.448   5.981   2.135  -6.069   0.355   2.763  -6.282  -0.320 -16.795  -4.434   6.364   7.206   4.196
        79  -4.162  -0.626   0.680  -2.035   1.054  -2.255  -5.303  -6.523  -5.155  -5.931   7.709  -2.701   0.822  10.730   2.669   7.880
        80 -13.024  -6.220 -20.739  -4.397  -8.847   1.730 -11.404 -13.847   4.669 -10.034   7.906  -4.410   2.505   6.216  -1.391   3.270
        81   4.103  -3.713  -4.079  -0.035  -3.161  -3.479  -6.850  -0.386   3.114   3.125   5.213 -11.228  -1.503  14.138 -14.056   5.709
        82   5.650 -19.010   7.152   8.806   3.206  -1.339  11.606 -12.775 -10.509  -7.466  11.862 -12.624   5.294  19.204   6.107   2.507
        83  -1.116  -6.715   0.118   6.089 -13.727 -21.368  -1.459 -14.538 -11.641  11.368  10.094  -4.030   8.210  15.152 -10.729   2.589
        84  -9.792 -11.446  -1.796  -4.970 -11.041 -12.989   0.741  -2.122  -0.331  -9.563  -7.710 -21.201  11.374   8.566  -2.796   3.238
        85  -3.764  -5.242 -18.279 -11.391   6.361   1.657 -17.133  15.966  14.940  10.891   9.550  -2.027  12.996  15.340  -7.256   2.352
        86   6.293   8.462 -11.351   1.789  -7.752 -13.863 -21.878  -5.132  14.317  -5.407   4.530 -12.680  -2.435   9.885   7.295   2.647
        87  -2.206  -1.475   6.239   4.082   8.197   3.801  -7.573   1.789   3.383 -12.858  11.396  -5.725  11.347  14.465  -5.291   4.277
        88   1.441  -4.811   0.377   8.284  -7.287  -8.286   5.824  -0.829   8.438  -4.098  -2.108   3.036   0.865   6.736  -1.633   7.376
        89   4.498  -8.174  -0.959  15.183 -24.385 -10.292   4.182  16.135  17.949  -9.987   6.248  -5.083  -7.834  18.665  -7.869   2.290
        90   3.682   2.565   3.351  17.529 -14.882 -10.111   1.664 -10.142   8.146 -15.934  -5.138   7.980  12.121   3.955  -1.327   3.470
        91  -1.651  -3.386   0.012   1.173  -1.685  -3.424  -2.729  -4.734  -0.401  -3.759   3.785  -1.960   1.395   8.472   0.445  10.284
        92   7.281  -0.467  -4.354  -4.518   9.241  -1.254  -5.855 -10.343  16.367  -4.728  -8.016   9.815  11.319  12.645   1.808   3.773
        93  -1.368 -17.409   5.407   8.358 -13.011  -2.398  -0.106  -3.710  11.170   8.591  -4.884   4.512  11.033  -3.726  -4.346   4.007
        94  -4.845 -19.173  11.118  11.632  -0.795 -10.907   0.426  -7.305   2.933   1.867  -9.490   6.109  -0.806  16.751   7.163   3.584
        95   9.694 -13.296  -7.891   1.185   4.340   8.028  -9.721  -8.317  12.551   1.507  -6.658   1.932  -2.766  -3.309 -15.263   3.911
        96 -13.751   7.971   5.697   9.911 -10.321 -11.895   2.062   7.738   5.766   5.945   9.496  -0.804  -0.365  -8.039   3.450   4.540
        97   4.595  -5.944  -6.389  17.201   7.807  -1.351   0.136  -5.621  -3.242   1.221  -0.593  -2.062  -9.179  13.430  13.320   4.233
        98   1.332 -20.217  11.633  -1.103  -8.495  -8.131   2.742  -2.930  -3.180   1.731  -3.776  -2.751 -15.779   2.284   2.978   4.265
        99   9.680 -14.098  -8.636  -7.242  -4.793   2.487  -3.230  -3.172  -0.902   2.078   0.868  -1.186   5.790  18.472   7.496   4.495
       100  -2.882   7.683  -5.229   6.708  -5.677 -13.157   4.362  -5.310  -1.736 -15.414  -6.983  -6.962 -11.688   1.830 -10.312   4.213
       101  -4.552 -10.154  -4.489   8.449  -2.835   9.951  -1.698  -0.447  -4.219   0.015  -0.723  -1.209   1.170   3.706   0.712   7.668
       102  -6.408  -9.999   1.077   7.933  13.260   0.652  10.375   5.924  -5.353   3.103  -5.545  -9.492   1.445   4.147  -9.372   4.827
       103 -10.428   4.345 -10.452   3.821   5.567  -0.042  10.135   1.469   8.983  11.371   2.812   1.251   2.845   6.826   5.787   5.332
       104  -3.773  -4.070   9.977  18.165  -0.576  14.497  13.226 -13.022   9.132   4.015  -0.331  -4.848  -2.184 -19.616   7.126   3.096
       105  -6.391 -13.803  -8.168   6.675  -1.042   1.864   2.816 -11.256  14.098  -4.734  -3.587  14.387   0.999   2.909  12.027   4.164

**Task:**
Please explain briefly (<250 words) how your hypotheses evolved and particularly, how your hypotheses changed from the initial set in light of experimental data. End it with a table summary showing how your confidence in the hypotheses evolved during the optimization.

\n```md